sagebrush	0.32	1	1	0.05	8	1	0	1	1	0	0	0	0	1	0	2	1	0	0	0	0
a.cool.forb	0.03	5	1	0.05	2	1	0	1	1	0	0	0	0	1	0	4	1	0	0	0.24	0
a.warm.forb	0.02	3	1	0.05	2	1	0	1	1	0	0	0	0	1	0	4	1	0	0	0.24	0
p.cool.forb	0.16	8	1	0.05	2	1	0	1	1	0	0	0	0	1	0	4	1	0.4	0	0.24	0
p.warm.forb	0.04	3	1	0.05	2	1	0	1	1	0	0	0	0	1	0	4	1	0.4	0	0.24	0
a.cool.grass	0.05	50	1	0.05	2	1	0	1	1	0	0	0	0	1	0	3	1	0	0	0.24	0
p.cool.grass	0.22	15	1	0.05	2	1	0	1	1	0	0	0	0	1	0	3	1	0.7	0	0.24	0
p.warm.grass	0.04	5	1	0.05	2	1	0	1	1	0	0	0	0	1	0	3	1	0.7	0	0.24	0
shrub	0.09	1	1	0.05	2	1	0	1	1	0	0	0	0	1	0	2	1	0	0	0.24	0
succulents	0.03	0.31	1	0.05	8	1	0	1	1	0	0	0	0	1	0	2	1	0	0	0	0
